Webots Project File version R2023b
perspectives: 000000ff00000000fd0000000200000001000001ac00000474fc0200000001fb0000001400540065007800740045006400690074006f00720100000016000004740000003f00ffffff0000000300000671000000d9fc0100000001fb0000001a0043006f006e0073006f006c00650041006c006c0041006c006c0100000000000006710000006900ffffff000004c30000047400000001000000020000000100000008fc00000000
simulationViewPerspectives: 000000ff0000000100000002000001a0000003210100000002010000000100
sceneTreePerspectives: 000000ff00000001000000030000001c00000200000000fa0100000002010000000200
maximizedDockId: -1
centralWidgetVisible: 1
orthographicViewHeight: 1
textFiles: -1
consoles: Console:All:All
renderingDevicePerspectives: Crazyflie:camera;1;1;0;0
renderingDevicePerspectives: crazyflie:camera;0;1;0.0138037;0.0159902
